game_id,total_home_score,total_away_score,score_differential2
2009091000,13,10,3
2009091300,19,7,12
2009091301,38,23,15
2009091302,10,36,-26
2009091303,7,12,-5
2009091304,19,34,-15
2009091305,6,24,-18
2009091306,14,12,2
2009091307,45,26,19
2009091308,21,34,-13
2009091309,16,20,-4
2009091310,22,17,5
2009091311,28,0,28
2009091312,21,15,6
2009091400,25,23,2
2009091401,20,24,-4
2009092000,28,20,8
2009092001,13,27,-14
2009092002,23,31,-8
2009092003,17,30,-13
2009092004,10,13,-3
2009092005,16,9,7
2009092006,22,47,-25
2009092007,31,34,-3
2009092008,9,7,2
2009092009,32,20,12
2009092010,23,10,13
2009092011,17,14,3
2009092012,27,6,21
2009092013,26,31,-5
2009092014,31,32,-1
2009092100,23,27,-4
2009092700,34,3,31
2009092701,23,20,3
2009092702,19,14,5
2009092703,24,31,-7
2009092704,27,23,4
2009092705,26,10,16
2009092706,34,14,20
2009092707,17,36,-19
2009092708,0,24,-24
2009092709,7,27,-20
2009092710,19,25,-6
2009092711,24,17,7
2009092712,3,23,-20
2009092713,22,13,9
2009092714,10,31,-21
2009092800,19,7,12
2009100400,48,24,24
2009100401,20,22,-2
2009100402,29,6,23
2009100403,34,17,17
2009100404,37,17,20
2009100405,16,27,-11
2009100406,27,20,7
2009100407,16,13,3
2009100408,37,10,27
2009100409,22,10,12
2009100410,17,10,7
2009100411,32,0,32
2009100412,38,27,11
2009100500,30,22,8
2009101100,13,17,-4
2009101101,3,6,-3
2009101102,20,17,3
2009101103,19,28,-9
2009101104,20,26,-6
2009101105,44,7,37
2009101106,33,14,19
2009101107,10,37,-27
2009101108,10,45,-35
2009101109,27,21,6
2009101110,20,17,3
2009101111,40,0,40
2009101112,9,31,-22
2009101200,31,27,4
2009101800,17,28,-11
2009101801,26,0,26
2009101802,23,19,4
2009101803,33,31,2
2009101804,48,27,21
2009101805,27,14,13
2009101806,20,28,-8
2009101807,6,14,-8
2009101808,13,9,4
2009101809,3,27,-24
2009101810,59,0,59
2009101811,13,16,-3
2009101812,21,14,7
2009101900,22,33,-11
2009102500,45,10,35
2009102501,3,31,-28
2009102502,24,21,3
2009102503,7,36,-29
2009102504,25,17,8
2009102505,6,41,-35
2009102506,7,34,-27
2009102507,9,20,-11
2009102508,0,38,-38
2009102509,36,21,15
2009102510,34,45,-11
2009102511,17,24,-7
2009102600,17,26,-9
2009110100,30,7,23
2009110101,10,31,-21
2009110102,29,6,23
2009110103,37,17,20
2009110104,8,19,-11
2009110105,26,38,-12
2009110106,18,14,4
2009110107,25,29,-4
2009110108,24,16,8
2009110109,30,13,17
2009110110,21,33,-12
2009110111,40,17,23
2009110200,34,26,8
2009110800,30,17,13
2009110801,21,41,-20
2009110802,17,7,10
2009110803,20,17,3
2009110804,24,21,3
2009110805,27,17,10
2009110806,36,28,8
2009110807,29,20,9
2009110808,31,20,11
2009110809,20,21,-1
2009110810,27,33,-6
2009110811,16,20,-4
2009110900,9,27,-18
2009111200,10,6,4
2009111500,28,19,9
2009111501,25,23,2
2009111502,27,10,17
2009111503,22,24,-2
2009111504,12,18,-6
2009111505,23,28,-5
2009111506,39,17,22
2009111507,27,17,10
2009111508,10,16,-6
2009111509,31,20,11
2009111510,17,7,10
2009111511,31,23,8
2009111512,35,34,1
2009111600,0,16,-16
2009111900,17,24,-7
2009112200,15,17,-2
2009112201,7,6,1
2009112202,38,37,1
2009112203,30,24,6
2009112204,18,15,3
2009112205,27,24,3
2009112206,35,9,26
2009112207,34,31,3
2009112208,7,38,-31
2009112209,13,21,-8
2009112210,3,32,-29
2009112211,30,13,17
2009112212,20,17,3
2009112213,20,24,-4
2009112300,17,20,-3
2009112600,12,33,-21
2009112601,24,7,17
2009112602,26,6,20
2009112900,20,17,3
2009112901,31,14,17
2009112902,16,7,9
2009112903,27,34,-7
2009112904,36,10,26
2009112905,16,6,10
2009112906,27,24,3
2009112907,17,26,-9
2009112908,20,17,3
2009112909,42,14,28
2009112910,20,3,17
2009112911,20,17,3
2009113000,38,17,21
2009120300,13,19,-6
2009120600,7,33,-26
2009120601,16,6,10
2009120602,17,9,8
2009120603,22,13,9
2009120604,27,17,10
2009120605,23,18,5
2009120606,13,43,-30
2009120607,24,27,-3
2009120608,30,32,-2
2009120609,23,30,-7
2009120610,30,17,13
2009120611,30,24,6
2009120612,20,17,3
2009120613,22,21,1
2009120700,27,14,13
2009121000,13,6,7
2009121300,23,26,-3
2009121301,48,3,45
2009121302,14,21,-7
2009121303,33,7,26
2009121304,28,16,12
2009121305,10,14,-4
2009121306,10,16,-6
2009121307,30,10,20
2009121308,20,10,10
2009121309,3,26,-23
2009121310,46,7,39
2009121311,13,34,-21
2009121312,17,20,-3
2009121313,38,43,-5
2009121400,24,9,15
2009121700,31,35,-4
2009121900,17,24,-7
2009122000,31,6,25
2009122001,10,17,-7
2009122002,23,31,-8
2009122003,33,41,-8
2009122004,7,10,-3
2009122005,27,13,14
2009122006,37,36,1
2009122007,13,16,-3
2009122008,27,24,3
2009122009,19,20,-1
2009122010,27,24,3
2009122011,7,24,-17
2009122012,26,7,19
2009122100,12,44,-32
2009122500,17,42,-25
2009122700,30,3,27
2009122701,17,10,7
2009122702,23,9,14
2009122703,48,10,38
2009122704,20,27,-7
2009122705,9,41,-32
2009122706,35,7,28
2009122707,17,19,-2
2009122708,30,27,3
2009122709,23,20,3
2009122710,31,10,21
2009122711,20,6,14
2009122712,15,27,-12
2009122713,0,17,-17
2009122800,36,30,6
2010010300,30,7,23
2010010301,23,10,13
2010010302,23,17,6
2010010303,24,0,24
2010010304,23,37,-14
2010010305,34,26,8
2010010306,24,30,-6
2010010307,44,7,37
2010010308,37,0,37
2010010309,6,28,-22
2010010310,10,20,-10
2010010311,7,32,-25
2010010312,24,42,-18
2010010313,13,21,-8
2010010314,23,20,3
2010010315,13,17,-4
2010090900,14,9,5
2010091200,17,14,3
2010091201,10,15,-5
2010091202,37,24,13
2010091203,34,24,10
2010091204,24,17,7
2010091205,38,13,25
2010091206,31,18,13
2010091207,19,14,5
2010091208,13,19,-6
2010091209,15,9,6
2010091210,20,27,-7
2010091211,30,6,24
2010091212,12,7,5
2010091300,9,10,-1
2010091301,20,14,6
2010091900,27,30,-3
2010091901,34,7,27
2010091902,10,13,-3
2010091903,14,15,-1
2010091904,11,19,-8
2010091905,19,27,-8
2010091906,32,35,-3
2010091907,41,7,34
2010091908,7,20,-13
2010091909,31,14,17
2010091910,18,14,4
2010091911,28,14,14
2010091912,15,10,5
2010091913,38,13,25
2010091914,37,14,23
2010092000,22,25,-3
2010092600,10,31,-21
2010092601,7,20,-13
2010092602,13,37,-24
2010092603,38,30,8
2010092604,24,17,7
2010092605,24,10,14
2010092606,24,27,-3
2010092607,30,16,14
2010092608,13,27,-14
2010092609,31,10,21
2010092610,3,28,-25
2010092611,13,27,-14
2010092612,24,23,1
2010092613,27,20,7
2010092614,23,31,-8
2010092700,19,19,0
2010100300,14,38,-24
2010100301,23,20,3
2010100302,14,17,-3
2010100303,20,26,-6
2010100304,27,26,1
2010100305,16,13,3
2010100306,16,14,2
2010100307,20,3,17
2010100308,31,28,3
2010100309,24,31,-7
2010100310,12,17,-5
2010100311,40,9,31
2010100312,17,3,14
2010100400,14,39,-25
2010101000,26,36,-10
2010101001,31,17,14
2010101002,19,9,10
2010101003,16,13,3
2010101004,49,6,43
2010101005,6,23,-17
2010101006,21,23,-2
2010101007,10,19,-9
2010101008,10,34,-24
2010101009,28,20,8
2010101010,27,34,-7
2010101011,33,27,6
2010101012,24,28,-4
2010101100,28,20,8
2010101700,20,23,-3
2010101701,20,17,3
2010101702,23,20,3
2010101703,28,10,18
2010101704,35,31,4
2010101705,28,20,8
2010101706,31,17,14
2010101707,19,23,-4
2010101708,6,31,-25
2010101709,20,24,-4
2010101710,17,9,8
2010101711,24,21,3
2010101712,24,27,-3
2010101800,3,30,-27
2010102400,39,32,7
2010102401,22,23,-1
2010102402,37,34,3
2010102403,41,20,21
2010102404,17,28,-11
2010102405,13,16,-3
2010102406,23,19,4
2010102407,18,17,1
2010102408,36,19,17
2010102409,22,10,12
2010102410,20,23,-3
2010102411,14,58,-44
2010102412,27,24,3
2010102500,34,41,-7
2010103100,24,16,8
2010103101,17,35,-18
2010103102,14,22,-8
2010103103,13,10,3
2010103104,37,25,12
2010103105,20,10,10
2010103106,0,9,-9
2010103107,33,25,8
2010103108,28,18,10
2010103109,34,36,-2
2010103110,33,3,30
2010103111,20,10,10
2010110100,29,17,12
2010110700,20,23,-3
2010110701,26,10,16
2010110702,34,14,20
2010110703,23,29,-6
2010110704,19,22,-3
2010110705,27,23,4
2010110706,27,21,6
2010110707,3,33,-30
2010110708,7,41,-34
2010110709,26,24,2
2010110710,23,20,3
2010110711,43,7,36
2010110800,21,27,-6
2010111100,26,21,5
2010111400,29,17,12
2010111401,20,26,-6
2010111402,22,17,5
2010111403,31,24,7
2010111404,27,13,14
2010111405,31,16,15
2010111406,14,12,2
2010111407,48,29,19
2010111408,20,32,-12
2010111409,18,36,-18
2010111410,23,20,3
2010111411,26,39,-13
2010111500,28,58,-30
2010111800,0,16,-16
2010112100,13,35,-22
2010112101,30,27,3
2010112102,30,48,-18
2010112103,35,3,32
2010112104,24,19,5
2010112105,34,19,15
2010112106,3,31,-28
2010112107,34,19,15
2010112108,15,19,-4
2010112109,31,13,18
2010112110,17,34,-17
2010112111,0,21,-21
2010112112,31,28,3
2010112113,27,17,10
2010112200,35,14,21
2010112500,24,45,-21
2010112501,27,30,-3
2010112502,26,10,16
2010112800,24,20,4
2010112801,16,19,-3
2010112802,20,0,20
2010112803,13,17,-4
2010112804,31,26,5
2010112805,20,17,3
2010112806,17,10,7
2010112807,24,22,2
2010112808,23,42,-19
2010112809,17,33,-16
2010112810,33,36,-3
2010112811,14,34,-20
2010112900,6,27,-21
2010120200,34,24,10
2010120500,38,13,25
2010120501,10,13,-3
2010120502,6,17,-11
2010120503,10,6,4
2010120504,31,7,24
2010120505,20,24,-4
2010120506,34,16,18
2010120507,24,28,-4
2010120508,30,34,-4
2010120509,13,28,-15
2010120510,34,36,-2
2010120511,6,19,-13
2010120512,30,14,16
2010120513,10,13,-3
2010120600,45,3,42
2010120900,28,30,-2
2010121200,7,35,-28
2010121201,13,6,7
2010121202,21,7,14
2010121203,38,31,7
2010121204,16,17,-1
2010121205,7,3,4
2010121207,10,31,-21
2010121208,30,13,17
2010121209,39,21,18
2010121210,6,10,-4
2010121211,42,13,29
2010121212,31,0,31
2010121213,27,30,-3
2010121300,28,34,-6
2010121301,3,21,-18
2010121600,34,7,27
2010121900,13,27,-14
2010121901,14,17,-3
2010121902,19,17,2
2010121903,34,23,11
2010121904,31,17,14
2010121905,33,30,3
2010121906,31,37,-6
2010121907,19,12,7
2010121908,20,23,-3
2010121909,30,24,6
2010121910,18,33,-15
2010121911,17,22,-5
2010121912,39,23,16
2010121913,30,27,3
2010122000,15,39,-24
2010122300,27,3,24
2010122500,25,26,-1
2010122600,38,33,5
2010122601,3,34,-31
2010122602,10,20,-10
2010122603,33,14,19
2010122605,38,15,23
2010122606,25,16,9
2010122607,27,33,-6
2010122608,17,20,-3
2010122609,24,23,1
2010122610,26,31,-5
2010122611,45,17,28
2010122612,34,20,14
2010122700,13,17,-4
2010122800,14,23,-9
2011010200,37,7,30
2011010201,37,6,31
2011010202,13,7,6
2011010203,9,41,-32
2011010204,34,17,17
2011010205,23,20,3
2011010206,10,30,-20
2011010207,13,13,0
2011010208,14,17,-3
2011010209,20,12,8
2011010210,10,3,7
2011010211,30,10,20
2011010212,13,23,-10
2011010213,28,33,-5
2011010214,37,7,30
2011010215,16,6,10
2011090800,42,33,9
2011091100,35,7,28
2011091101,17,27,-10
2011091102,33,7,26
2011091103,16,14,2
2011091104,7,41,-34
2011091105,29,12,17
2011091106,19,27,-8
2011091107,13,30,-17
2011091108,27,14,13
2011091109,27,21,6
2011091110,32,17,15
2011091111,24,17,7
2011091112,26,24,2
2011091200,24,38,-14
2011091201,19,23,-4
2011091800,48,3,45
2011091801,38,35,3
2011091802,26,13,13
2011091803,32,3,29
2011091804,19,27,-8
2011091805,22,21,1
2011091806,20,24,-4
2011091807,23,30,-7
2011091808,30,13,17
2011091809,24,0,24
2011091810,24,27,-3
2011091811,35,21,14
2011091812,24,22,2
2011091813,13,23,-10
2011091814,35,31,4
2011091900,27,16,11
2011092500,16,10,6
2011092501,40,33,7
2011092502,33,31,2
2011092503,17,16,1
2011092504,17,14,3
2011092505,16,29,-13
2011092506,23,26,-3
2011092507,8,13,-5
2011092508,34,24,10
2011092509,20,17,3
2011092510,7,36,-29
2011092511,17,27,-10
2011092512,13,10,3
2011092513,16,13,3
2011092514,19,22,-3
2011092600,18,16,2
2011100200,23,19,4
2011100201,13,30,-17
2011100202,17,10,7
2011100203,30,32,-2
2011100204,23,24,-1
2011100205,32,29,3
2011100206,10,17,-7
2011100207,10,23,-13
2011100208,22,17,5
2011100209,27,31,-4
2011100210,28,30,-2
2011100211,48,23,25
2011100212,19,31,-12
2011100213,26,16,10
2011100214,31,16,15
2011100300,24,17,7
2011100900,38,17,21
2011100901,20,22,-2
2011100902,24,28,-4
2011100903,20,29,-9
2011100904,25,35,-10
2011100905,34,10,24
2011100906,27,30,-3
2011100907,30,24,6
2011100908,47,3,44
2011100909,30,21,9
2011100910,23,29,-6
2011100911,14,25,-11
2011101000,24,13,11
2011101600,27,24,3
2011101601,26,17,9
2011101602,17,13,4
2011101603,13,20,-7
2011101604,19,25,-6
2011101605,24,3,21
2011101606,31,17,14
2011101607,24,17,7
2011101608,29,14,15
2011101609,26,20,6
2011101610,20,16,4
2011101611,39,10,29
2011101700,23,6,17
2011102300,15,18,-3
2011102301,27,20,7
2011102302,7,40,-33
2011102303,16,23,-7
2011102304,33,20,13
2011102305,18,24,-6
2011102306,6,3,3
2011102307,20,32,-12
2011102308,0,26,-26
2011102309,27,33,-6
2011102310,34,7,27
2011102311,61,7,54
2011102400,12,7,5
2011103000,20,17,3
2011103001,24,14,10
2011103002,26,10,16
2011103003,21,24,-3
2011103004,30,20,10
2011103005,30,26,4
2011103006,10,43,-33
2011103007,23,0,23
2011103008,25,17,8
2011103009,20,10,10
2011103010,12,32,-20
2011103011,34,7,27
2011103100,23,20,3
2011110600,11,27,-16
2011110601,30,12,18
2011110602,3,31,-28
2011110603,23,13,10
2011110604,11,19,-8
2011110605,27,16,11
2011110606,6,31,-25
2011110607,24,37,-13
2011110608,17,24,-7
2011110609,20,24,-4
2011110610,38,43,-5
2011110611,19,13,6
2011110612,20,23,-3
2011110700,23,30,-7
2011111000,17,24,-7
2011111300,43,7,36
2011111301,3,29,-26
2011111302,9,37,-28
2011111303,17,24,-7
2011111304,3,17,-14
2011111305,10,17,-7
2011111306,16,21,-5
2011111307,34,13,21
2011111308,23,26,-3
2011111309,20,9,11
2011111310,12,13,-1
2011111311,22,17,5
2011111312,27,20,7
2011111313,16,36,-20
2011111400,44,7,37
2011111700,16,13,3
2011112000,21,27,-6
2011112001,23,17,6
2011112002,34,8,26
2011112003,14,10,4
2011112004,31,24,7
2011112005,24,27,-3
2011112006,49,35,14
2011112007,35,26,9
2011112008,23,7,16
2011112009,7,24,-17
2011112010,31,20,11
2011112011,10,17,-7
2011112100,33,3,30
2011112400,15,27,-12
2011112401,20,19,1
2011112402,16,6,10
2011112700,28,24,4
2011112701,23,20,3
2011112702,12,20,-8
2011112703,24,14,10
2011112704,19,22,-3
2011112705,19,27,-8
2011112706,23,16,7
2011112707,17,23,-6
2011112708,25,20,5
2011112709,20,38,-18
2011112710,13,16,-3
2011112711,9,13,-4
2011112800,49,24,25
2011120100,30,14,16
2011120400,19,34,-15
2011120401,3,10,-7
2011120402,17,23,-6
2011120403,33,14,19
2011120404,10,23,-13
2011120405,34,7,27
2011120406,52,38,14
2011120407,19,38,-19
2011120408,17,10,7
2011120409,32,34,-2
2011120410,35,37,-2
2011120411,19,13,6
2011120412,26,0,26
2011120413,31,24,7
2011120500,14,38,-24
2011120800,14,3,11
2011121100,27,33,-6
2011121101,46,16,30
2011121102,37,10,27
2011121103,19,20,-1
2011121104,24,10,14
2011121105,32,28,4
2011121106,23,31,-8
2011121107,10,26,-16
2011121108,39,14,25
2011121109,17,22,-5
2011121110,21,19,2
2011121111,13,10,3
2011121112,36,9,27
2011121113,34,37,-3
2011121200,29,13,16
2011121500,40,13,27
2011121700,14,31,-17
2011121800,13,20,-7
2011121801,23,30,-7
2011121802,26,13,13
2011121803,10,23,-13
2011121804,13,36,-23
2011121805,20,42,-22
2011121806,13,28,-15
2011121807,19,14,5
2011121808,26,28,-2
2011121809,44,19,25
2011121810,20,17,3
2011121811,23,41,-18
2011121812,34,14,20
2011121900,20,3,17
2011122200,19,16,3
2011122400,37,14,23
2011122401,27,24,3
2011122402,20,13,7
2011122403,23,17,6
2011122404,13,16,-3
2011122405,14,29,-15
2011122406,26,33,-7
2011122407,48,16,32
2011122408,23,16,7
2011122409,27,0,27
2011122410,37,10,27
2011122411,7,20,-13
2011122412,17,19,-2
2011122500,35,21,14
2011122600,44,16,28
2012010100,19,17,2
2012010101,48,21,27
2012010102,16,24,-8
2012010103,9,13,-4
2012010104,22,23,-1
2012010105,19,13,6
2012010106,31,14,17
2012010107,34,10,24
2012010108,45,41,4
2012010109,13,16,-3
2012010110,44,22,22
2012010111,45,17,28
2012010112,27,34,-7
2012010113,3,7,-4
2012010114,26,38,-12
2012010115,23,20,3
2012090500,17,24,-7
2012090900,41,20,21
2012090901,26,23,3
2012090902,46,28,18
2012090903,30,9,21
2012090904,13,33,-20
2012090905,27,22,5
2012090906,31,40,-9
2012090907,15,17,-2
2012090908,24,40,-16
2012090909,20,30,-10
2012090910,20,16,4
2012090911,16,10,6
2012090912,31,19,12
2012091000,43,13,30
2012091001,14,22,-8
2012091300,23,10,13
2012091600,41,33,8
2012091601,34,27,7
2012091602,18,20,-2
2012091603,23,20,3
2012091604,24,23,1
2012091605,34,17,17
2012091606,33,27,6
2012091607,7,27,-20
2012091608,26,7,19
2012091609,31,27,4
2012091610,27,10,17
2012091611,38,10,28
2012091612,35,13,22
2012091613,27,19,8
2012091700,27,21,6
2012092000,7,36,-29
2012092300,16,10,6
2012092301,22,6,16
2012092302,24,13,11
2012092303,42,41,1
2012092304,30,38,-8
2012092305,24,27,-3
2012092306,20,22,-2
2012092307,14,24,-10
2012092308,17,22,-5
2012092309,26,6,20
2012092310,3,27,-24
2012092311,25,31,-6
2012092312,34,31,3
2012092313,31,30,1
2012092400,14,12,2
2012092700,22,16,6
2012093000,28,52,-24
2012093001,36,14,22
2012093002,20,36,-16
2012093003,13,19,-6
2012093004,30,28,2
2012093005,19,13,6
2012093006,0,33,-33
2012093007,24,21,3
2012093008,37,6,31
2012093009,10,27,-17
2012093010,28,27,1
2012093011,22,24,-2
2012093012,19,17,2
2012100100,18,32,-14
2012100400,17,3,14
2012100700,16,24,-8
2012100701,16,14,2
2012100702,30,27,3
2012100703,41,27,14
2012100704,30,7,23
2012100705,13,17,-4
2012100706,6,9,-3
2012100707,11,16,-5
2012100708,3,39,-36
2012100709,31,21,10
2012100710,45,3,42
2012100711,31,24,7
2012100800,17,23,-6
2012101100,26,23,3
2012101400,22,20,2
2012101401,37,9,28
2012101402,35,9,26
2012101403,33,24,9
2012101404,23,26,-3
2012101405,17,14,3
2012101406,31,29,2
2012101407,16,19,-3
2012101408,24,23,1
2012101409,3,26,-23
2012101410,37,26,11
2012101411,23,42,-19
2012101500,23,33,-10
2012101800,13,6,7
2012102101,20,14,6
2012102102,14,19,-5
2012102103,28,35,-7
2012102104,20,30,-10
2012102105,42,13,29
2012102106,17,13,4
2012102107,34,35,-1
2012102108,29,26,3
2012102109,26,23,3
2012102110,17,24,-7
2012102200,13,7,6
2012102500,17,36,-19
2012102800,23,15,8
2012102801,9,29,-20
2012102802,7,6,1
2012102803,13,19,-6
2012102804,7,45,-38
2012102805,17,30,-13
2012102806,23,22,1
2012102807,28,24,4
2012102808,27,12,15
2012102809,16,26,-10
2012102810,24,28,-4
2012102811,34,14,20
2012102900,3,24,-21
2012110100,29,13,16
2012110400,13,21,-8
2012110401,31,17,14
2012110402,14,31,-17
2012110403,20,49,-29
2012110404,23,31,-8
2012110405,15,25,-10
2012110406,21,9,12
2012110407,23,20,3
2012110408,30,20,10
2012110409,32,42,-10
2012110410,19,24,-5
2012110411,19,13,6
2012110500,27,13,14
2012110800,10,26,-16
2012111100,14,34,-20
2012111101,32,24,8
2012111102,3,36,-33
2012111103,37,31,6
2012111104,55,20,35
2012111105,31,13,18
2012111106,31,27,4
2012111107,34,24,10
2012111108,28,6,22
2012111109,23,35,-12
2012111110,24,24,0
2012111111,6,13,-7
2012111200,16,13,3
2012111500,18,14,4
2012111800,31,6,25
2012111801,20,23,-3
2012111802,22,19,3
2012111803,20,27,-7
2012111804,23,20,3
2012111805,13,27,-14
2012111806,56,24,32
2012111807,43,37,6
2012111808,6,28,-22
2012111809,17,37,-20
2012111810,30,22,8
2012111811,10,12,-2
2012111900,32,7,25
2012112200,31,40,-9
2012112201,31,38,-7
2012112202,19,47,-28
2012112500,34,10,24
2012112501,20,13,7
2012112502,19,13,6
2012112503,24,19,5
2012112504,9,17,-8
2012112505,28,10,18
2012112506,23,24,-1
2012112507,24,21,3
2012112508,13,16,-3
2012112509,21,29,-8
2012112510,17,29,-12
2012112511,38,10,28
2012112600,22,30,-8
2012112900,23,13,10
2012120200,17,23,-6
2012120201,23,14,9
2012120202,14,13,1
2012120203,7,6,1
2012120204,27,21,6
2012120205,33,35,-2
2012120206,34,18,16
2012120207,16,23,-7
2012120208,10,24,-14
2012120209,30,23,7
2012120210,20,23,-3
2012120211,17,20,-3
2012120212,12,20,-8
2012120213,37,33,4
2012120300,17,16,1
2012120600,13,26,-13
2012120900,31,28,3
2012120901,29,7,22
2012120902,24,33,-9
2012120903,26,22,4
2012120904,10,17,-7
2012120905,20,14,6
2012120906,30,20,10
2012120907,21,23,-2
2012120908,12,15,-3
2012120909,19,20,-1
2012120910,27,13,14
2012120911,52,26,26
2012120912,56,0,56
2012120913,26,20,6
2012121000,42,14,28
2012121300,13,33,-20
2012121600,13,21,-8
2012121601,34,0,34
2012121602,41,0,41
2012121603,22,35,-13
2012121604,21,38,-17
2012121605,24,3,21
2012121606,17,33,-16
2012121607,28,17,11
2012121608,36,10,26
2012121609,7,31,-24
2012121610,17,49,-32
2012121611,27,24,3
2012121612,15,0,15
2012121613,34,41,-7
2012121700,14,10,4
2012122200,18,31,-13
2012122300,55,7,48
2012122301,17,6,11
2012122302,24,10,14
2012122303,10,12,-2
2012122304,16,23,-7
2012122305,13,19,-6
2012122306,31,34,-3
2012122307,20,27,-7
2012122308,13,27,-14
2012122309,33,14,19
2012122310,6,23,-17
2012122311,34,12,22
2012122312,12,26,-14
2012122313,41,13,28
2012122314,17,26,-9
2012123000,27,9,18
2012123001,28,0,28
2012123002,22,17,5
2012123003,24,10,14
2012123004,28,16,12
2012123005,34,20,14
2012123006,42,7,35
2012123007,28,18,10
2012123008,24,26,-2
2012123009,37,34,3
2012123010,17,22,-5
2012123011,37,44,-7
2012123012,38,3,35
2012123013,24,21,3
2012123014,27,13,14
2012123015,20,13,7
2013090500,49,27,22
2013090800,20,23,-3
2013090801,7,12,-5
2013090802,24,21,3
2013090803,10,23,-13
2013090804,34,24,10
2013090805,21,17,4
2013090806,2,27,-25
2013090807,18,17,1
2013090808,23,17,6
2013090809,9,16,-7
2013090810,27,23,4
2013090811,34,28,6
2013090812,35,31,4
2013090900,26,33,-7
2013090901,28,30,-2
2013091200,13,10,3
2013091500,30,24,6
2013091501,14,6,8
2013091502,24,23,1
2013091503,30,29,1
2013091504,38,20,18
2013091505,30,23,7
2013091506,20,24,-4
2013091507,17,16,1
2013091508,30,33,-3
2013091509,25,20,5
2013091510,13,16,-3
2013091511,23,40,-17
2013091512,19,9,10
2013091513,29,3,26
2013091600,20,10,10
2013091900,16,25,-9
2013092200,28,9,19
2013092201,33,29,4
2013092202,31,7,24
2013092203,27,23,4
2013092204,27,31,-4
2013092205,27,20,7
2013092206,23,3,20
2013092207,31,7,24
2013092208,20,17,3
2013092209,19,27,-8
2013092210,38,0,38
2013092211,7,27,-20
2013092212,45,17,28
2013092213,23,39,-16
2013092300,37,21,16
2013092600,11,35,-24
2013092900,23,20,3
2013092901,17,6,11
2013092902,39,32,7
2013092903,20,22,-2
2013092904,3,36,-33
2013092905,30,7,23
2013092906,34,27,7
2013092907,10,13,-3
2013092908,37,13,24
2013092909,51,20,31
2013092910,13,23,-10
2013092911,30,20,10
2013092912,23,30,-7
2013093000,38,17,21
2013100300,35,24,11
2013100600,18,26,-8
2013100601,13,6,7
2013100602,22,9,13
2013100603,33,28,5
2013100604,22,26,-4
2013100605,21,36,-15
2013100606,33,20,13
2013100607,17,25,-8
2013100608,22,6,16
2013100609,48,51,-3
2013100610,26,17,9
2013100611,33,3,30
2013100700,28,30,-2
2013101000,26,21,5
2013101300,17,19,-2
2013101301,24,27,-3
2013101302,17,31,-14
2013101303,13,36,-23
2013101304,23,7,16
2013101305,10,35,-25
2013101306,6,19,-13
2013101307,20,31,-11
2013101308,35,19,16
2013101309,20,12,8
2013101310,30,27,3
2013101311,32,20,12
2013101312,30,16,14
2013101400,19,9,10
2013101700,22,34,-12
2013102000,30,23,7
2013102001,29,15,14
2013102002,24,27,-3
2013102003,31,13,18
2013102004,6,24,-18
2013102005,17,16,1
2013102006,21,22,-1
2013102007,29,26,3
2013102008,3,17,-14
2013102009,44,40,4
2013102010,17,30,-13
2013102011,19,16,3
2013102012,39,33,6
2013102100,23,6,17
2013102400,13,31,-18
2013102700,31,30,1
2013102701,10,41,-31
2013102702,23,17,6
2013102703,27,17,10
2013102704,35,17,18
2013102705,6,15,-9
2013102706,21,18,3
2013102707,47,9,38
2013102708,27,13,14
2013102709,44,20,24
2013102710,31,43,-12
2013102800,9,14,-5
2013103100,21,20,1
2013110300,13,21,-8
2013110301,33,10,23
2013110302,26,23,3
2013110303,26,20,6
2013110304,21,28,-7
2013110305,30,23,7
2013110306,20,49,-29
2013110307,27,24,3
2013110308,24,18,6
2013110309,55,31,24
2013110310,24,27,-3
2013110400,20,27,-7
2013110700,34,27,7
2013111000,10,33,-23
2013111001,20,17,3
2013111002,19,21,-2
2013111003,13,27,-14
2013111004,8,36,-28
2013111005,23,19,4
2013111006,23,10,13
2013111007,27,28,-1
2013111008,9,10,-1
2013111009,26,24,2
2013111010,20,28,-8
2013111011,49,17,32
2013111100,22,19,3
2013111400,27,30,-3
2013111700,36,14,22
2013111701,22,20,2
2013111702,39,19,20
2013111703,22,28,-6
2013111704,14,27,-13
2013111705,20,16,4
2013111706,24,16,8
2013111707,37,27,10
2013111708,40,28,12
2013111709,27,17,10
2013111710,23,20,3
2013111711,40,20,20
2013111712,26,13,13
2013111800,24,20,4
2013112100,13,17,-4
2013112400,19,3,16
2013112401,11,26,-15
2013112402,21,23,-2
2013112403,26,26,0
2013112404,6,13,-7
2013112405,38,41,-3
2013112406,16,20,-4
2013112407,41,21,20
2013112408,39,11,28
2013112409,19,23,-4
2013112410,21,23,-2
2013112411,34,30,4
2013112500,6,27,-21
2013112800,40,9,31
2013112801,31,23,8
2013112802,22,20,2
2013120100,27,6,21
2013120101,28,32,-4
2013120102,22,14,8
2013120103,28,35,-7
2013120104,23,20,3
2013120105,3,23,-20
2013120106,24,21,3
2013120107,31,34,-3
2013120108,23,13,10
2013120109,31,34,-3
2013120110,10,17,-7
2013120111,17,24,-7
2013120200,33,7,26
2013120500,27,20,7
2013120800,29,26,3
2013120801,42,28,14
2013120802,27,26,1
2013120803,36,27,9
2013120804,31,13,18
2013120805,34,20,14
2013120806,27,24,3
2013120807,27,6,21
2013120808,10,44,-34
2013120809,51,28,23
2013120810,29,10,19
2013120811,37,14,23
2013120812,19,17,2
2013120813,22,20,2
2013120900,45,28,17
2013121200,20,27,-7
2013121500,27,26,1
2013121501,29,37,-8
2013121502,25,3,22
2013121503,20,27,-7
2013121504,24,20,4
2013121505,48,30,18
2013121506,0,23,-23
2013121507,27,16,11
2013121508,14,32,-18
2013121509,34,36,-2
2013121510,29,20,9
2013121511,31,55,-24
2013121512,36,37,-1
2013121513,29,20,9
2013121600,16,18,-2
2013122200,19,0,19
2013122201,17,13,4
2013122202,41,14,27
2013122203,13,37,-24
2013122204,16,20,-4
2013122205,7,23,-16
2013122206,24,13,11
2013122207,53,11,42
2013122208,23,13,10
2013122209,23,24,-1
2013122210,20,22,-2
2013122211,10,17,-7
2013122212,31,37,-6
2013122213,26,13,13
2013122214,7,39,-32
2013122300,33,24,9
2013122900,20,20,0
2013122901,28,33,-5
2013122902,33,17,16
2013122903,22,24,-2
2013122904,30,10,20
2013122905,7,20,-13
2013122906,14,13,1
2013122907,34,20,14
2013122908,42,17,25
2013122909,20,6,14
2013122910,20,7,13
2013122911,16,10,6
2013122912,20,23,-3
2013122913,14,34,-20
2013122914,27,24,3
2013122915,26,9,17
2014090400,36,16,20
2014090700,37,34,3
2014090701,16,23,-7
2014090702,20,23,-3
2014090703,16,6,10
2014090704,10,26,-16
2014090705,33,20,13
2014090706,19,14,5
2014090707,33,17,16
2014090708,30,27,3
2014090709,6,33,-27
2014090710,17,27,-10
2014090711,14,20,-6
2014090712,31,24,7
2014090800,35,14,21
2014090801,18,17,1
2014091100,26,6,20
2014091400,29,10,19
2014091401,24,7,17
2014091402,24,10,14
2014091403,26,24,2
2014091404,7,29,-22
2014091405,14,25,-11
2014091406,10,26,-16
2014091407,41,10,31
2014091408,30,21,9
2014091409,17,19,-2
2014091410,24,17,7
2014091411,31,24,7
2014091412,14,30,-16
2014091413,20,28,-8
2014091500,27,30,-3
2014091800,54,13,41
2014092100,10,22,-12
2014092101,33,7,26
2014092102,21,23,-2
2014092103,18,7,11
2014092104,17,43,-26
2014092105,16,9,7
2014092106,20,9,11
2014092107,30,17,13
2014092108,37,34,3
2014092109,30,33,-3
2014092110,23,14,9
2014092111,15,34,-19
2014092112,26,20,6
2014092113,19,36,-17
2014092200,19,26,-7
2014092500,14,45,-31
2014092800,38,10,28
2014092801,17,38,-21
2014092802,22,17,5
2014092803,41,17,24
2014092804,41,28,13
2014092805,17,24,-7
2014092806,14,37,-23
2014092807,24,27,-3
2014092808,33,14,19
2014092809,26,18,8
2014092810,38,17,21
2014092900,40,14,26
2014100200,41,10,31
2014100500,30,24,6
2014100501,20,17,3
2014100502,13,17,-4
2014100503,20,13,7
2014100504,9,16,-7
2014100505,37,30,7
2014100506,30,20,10
2014100507,32,28,4
2014100508,28,29,-1
2014100509,41,20,21
2014100510,31,0,31
2014100511,22,17,5
2014100512,42,17,25
2014100600,17,27,-10
2014100900,27,33,-6
2014101200,13,27,-14
2014101201,22,37,-15
2014101202,37,37,0
2014101203,31,10,21
2014101204,24,27,-3
2014101205,3,17,-14
2014101206,17,30,-13
2014101207,17,48,-31
2014101208,16,14,2
2014101209,28,31,-3
2014101210,29,20,9
2014101211,22,30,-8
2014101212,27,0,27
2014101300,17,30,-13
2014101600,27,25,2
2014101900,29,7,22
2014101901,17,16,1
2014101902,14,27,-13
2014101903,24,23,1
2014101904,38,17,21
2014101905,27,0,27
2014101906,24,6,18
2014101907,27,26,1
2014101908,19,17,2
2014101909,20,23,-3
2014101910,31,21,10
2014101911,13,24,-11
2014101912,42,17,25
2014102000,30,23,7
2014102300,35,21,14
2014102600,21,22,-1
2014102601,9,13,-4
2014102602,27,24,3
2014102603,13,25,-12
2014102604,34,7,27
2014102605,50,23,27
2014102606,23,43,-20
2014102607,13,19,-6
2014102608,16,30,-14
2014102609,24,20,4
2014102610,23,13,10
2014102611,50,34,16
2014102612,44,23,21
2014102700,17,20,-3
2014103000,10,28,-18
2014110200,33,23,10
2014110201,22,17,5
2014110202,16,28,-12
2014110203,20,31,-11
2014110204,24,10,14
2014110205,37,0,37
2014110206,29,26,3
2014110207,10,13,-3
2014110208,42,21,21
2014110209,29,23,6
2014110210,43,23,20
2014110300,24,40,-16
2014110600,3,24,-21
2014110900,21,7,14
2014110901,13,17,-4
2014110902,20,16,4
2014110903,17,31,-14
2014110904,24,27,-3
2014110905,20,13,7
2014110906,17,27,-10
2014110907,17,41,-24
2014110908,29,14,15
2014110909,38,17,21
2014110910,54,14,40
2014111000,43,21,22
2014111300,22,9,13
2014111600,17,19,-2
2014111601,21,13,8
2014111602,7,23,-16
2014111603,51,20,31
2014111604,24,20,4
2014111605,10,27,-17
2014111606,10,16,-6
2014111607,22,7,15
2014111608,7,26,-19
2014111609,13,6,7
2014111610,14,6,8
2014111611,20,42,-22
2014111700,24,26,-2
2014112000,24,20,4
2014112300,24,26,-2
2014112301,37,3,34
2014112302,21,13,8
2014112303,12,22,-10
2014112304,23,3,20
2014112305,21,24,-3
2014112306,34,9,25
2014112307,43,18,25
2014112308,26,23,3
2014112309,19,3,16
2014112310,39,36,3
2014112311,17,13,4
2014112312,28,31,-3
2014112400,27,33,-6
2014112700,34,17,17
2014112701,10,33,-23
2014112702,3,19,-16
2014113000,33,34,-1
2014113001,25,10,15
2014113002,45,20,25
2014113003,48,27,21
2014113004,24,24,0
2014113005,29,13,16
2014113006,32,35,-3
2014113007,51,0,51
2014113008,13,14,-1
2014113009,29,17,12
2014113010,26,21,5
2014113011,16,29,-13
2014120100,13,16,-3
2014120400,28,41,-13
2014120700,21,42,-21
2014120701,22,25,-3
2014120702,34,17,17
2014120703,13,27,-14
2014120704,13,28,-15
2014120705,29,24,5
2014120706,10,41,-31
2014120707,6,35,-29
2014120708,0,23,-23
2014120709,17,14,3
2014120710,24,17,7
2014120711,24,13,11
2014120712,14,24,-10
2014120713,13,23,-10
2014120800,43,37,6
2014121100,6,12,-6
2014121400,20,26,-6
2014121401,19,12,7
2014121402,20,13,7
2014121403,19,17,2
2014121404,0,30,-30
2014121405,16,14,2
2014121406,17,9,8
2014121407,30,13,17
2014121408,40,13,27
2014121409,24,13,11
2014121410,10,22,-12
2014121411,11,16,-5
2014121412,17,7,10
2014121413,27,38,-11
2014121500,15,31,-16
2014121800,21,13,8
2014122000,27,24,3
2014122001,34,37,-3
2014122100,17,13,4
2014122101,14,20,-6
2014122102,25,13,12
2014122103,37,35,2
2014122104,14,29,-15
2014122105,16,17,-1
2014122106,20,12,8
2014122107,3,20,-17
2014122108,27,37,-10
2014122109,42,7,35
2014122110,26,24,2
2014122111,6,35,-29
2014122200,36,27,9
2014122800,3,32,-29
2014122801,20,10,10
2014122802,29,20,9
2014122803,23,16,7
2014122804,19,7,12
2014122805,24,37,-13
2014122806,13,9,4
2014122807,9,17,-8
2014122808,26,33,-7
2014122809,26,17,9
2014122810,20,23,-3
2014122811,10,27,-17
2014122812,17,43,-26
2014122813,46,13,33
2014122814,20,17,3
2014122815,19,6,13
2015091000,28,21,7
2015091300,23,31,-8
2015091301,33,29,4
2015091302,9,19,-10
2015091303,10,16,-6
2015091304,27,14,13
2015091305,31,10,21
2015091306,20,27,-7
2015091307,31,19,12
2015091308,33,27,6
2015091309,18,12,6
2015091310,13,33,-20
2015091311,14,41,-27
2015091312,27,25,2
2015091400,26,24,2
2015091401,20,3,17
2015091700,23,30,-7
2015092000,24,17,7
2015092001,32,40,-8
2015092002,24,19,5
2015092003,27,14,13
2015092004,20,24,-4
2015092005,24,10,14
2015092006,23,47,-24
2015092007,26,16,10
2015092008,19,26,-7
2015092009,43,18,25
2015092010,37,33,4
2015092011,23,20,3
2015092012,10,19,-9
2015092013,27,17,10
2015092100,7,20,-13
2015092400,32,21,11
2015092700,28,39,-11
2015092701,27,22,5
2015092702,17,23,-6
2015092703,19,9,10
2015092704,30,14,16
2015092705,6,12,-6
2015092706,51,17,34
2015092707,23,28,-5
2015092708,20,27,-7
2015092709,33,34,-1
2015092710,45,7,38
2015092711,26,0,26
2015092712,14,40,-26
2015092713,12,24,-12
2015092800,38,28,10
2015100100,20,23,-3
2015100400,14,27,-13
2015100401,22,20,2
2015100402,47,21,26
2015100403,36,21,15
2015100404,16,13,3
2015100405,23,20,3
2015100406,23,36,-13
2015100407,10,24,-14
2015100408,30,27,3
2015100409,3,17,-14
2015100410,22,24,-2
2015100411,23,20,3
2015100412,26,20,6
2015100500,13,9,4
2015100800,20,27,-7
2015101100,39,17,22
2015101101,16,18,-2
2015101102,27,23,4
2015101103,25,19,6
2015101104,36,31,5
2015101105,30,33,-3
2015101106,13,14,-1
2015101107,23,10,13
2015101108,17,42,-25
2015101109,6,30,-24
2015101110,10,15,-5
2015101111,30,27,3
2015101200,20,23,-3
2015101500,30,21,9
2015101800,37,34,3
2015101801,34,19,15
2015101802,25,13,12
2015101803,16,10,6
2015101804,21,34,-13
2015101805,23,25,-2
2015101806,10,37,-27
2015101807,20,30,-10
2015101808,23,27,-4
2015101809,27,20,7
2015101810,25,20,5
2015101811,26,34,-8
2015101900,26,7,19
2015102200,3,20,-17
2015102500,32,30,2
2015102501,23,6,17
2015102502,43,26,17
2015102503,30,23,7
2015102504,23,13,10
2015102505,31,29,2
2015102506,19,28,-9
2015102507,21,27,-6
2015102508,7,10,-3
2015102509,29,37,-8
2015102510,26,20,6
2015102511,27,16,11
2015102600,26,18,8
2015102900,36,7,29
2015110100,45,10,35
2015110101,29,26,3
2015110102,10,16,-6
2015110103,20,6,14
2015110104,20,22,-2
2015110105,20,23,-3
2015110106,52,48,4
2015110107,27,6,21
2015110108,20,34,-14
2015110109,34,20,14
2015110110,12,13,-1
2015110111,29,10,19
2015110200,29,26,3
2015110500,31,10,21
2015110800,21,18,3
2015110801,37,29,8
2015110802,27,10,17
2015110803,28,34,-6
2015110804,33,17,16
2015110805,28,23,5
2015110806,38,35,3
2015110807,18,32,-14
2015110808,17,16,1
2015110809,27,23,4
2015110810,27,32,-5
2015110900,19,22,-3
2015111200,17,22,-5
2015111500,46,14,32
2015111501,16,18,-2
2015111502,10,6,4
2015111503,10,27,-17
2015111504,13,37,-24
2015111505,19,20,-1
2015111506,20,22,-2
2015111507,30,9,21
2015111508,14,30,-16
2015111509,26,27,-1
2015111510,13,29,-16
2015111511,32,39,-7
2015111600,6,10,-4
2015111900,19,13,6
2015112200,15,17,-2
2015112201,18,13,5
2015112202,21,23,-2
2015112203,24,17,7
2015112204,17,44,-27
2015112205,13,30,-17
2015112206,44,16,28
2015112207,14,23,-9
2015112208,16,13,3
2015112209,34,31,3
2015112210,29,13,16
2015112211,3,32,-29
2015112300,20,13,7
2015112600,45,14,31
2015112601,14,31,-17
2015112602,13,17,-4
2015112900,20,14,6
2015112901,10,20,-10
2015112902,30,7,23
2015112903,24,6,18
2015112904,25,12,13
2015112905,38,20,18
2015112906,25,31,-6
2015112907,21,24,-3
2015112908,30,22,8
2015112909,13,19,-6
2015112910,39,30,9
2015112911,30,24,6
2015113000,26,32,-6
2015120300,23,27,-4
2015120600,19,23,-4
2015120601,30,21,9
2015120602,13,13,0
2015120603,3,37,-34
2015120604,41,39,2
2015120605,20,26,-6
2015120606,7,38,-31
2015120607,35,41,-6
2015120608,23,19,4
2015120609,3,27,-24
2015120610,20,32,-12
2015120611,3,16,-13
2015120612,28,32,-4
2015120613,44,10,34
2015120700,16,19,-3
2015121000,23,20,3
2015121300,23,20,3
2015121301,30,8,22
2015121302,20,32,-12
2015121303,6,27,-21
2015121304,50,15,35
2015121305,10,3,7
2015121306,21,24,-3
2015121307,38,0,38
2015121308,17,24,-7
2015121309,20,14,6
2015121310,24,10,14
2015121311,12,15,-3
2015121312,28,7,21
2015121313,6,35,-29
2015121400,24,31,-7
2015121700,31,23,8
2015121900,16,19,-3
2015122000,35,38,-3
2015122001,17,39,-22
2015122002,38,17,21
2015122003,17,23,-6
2015122004,10,16,-6
2015122005,32,16,16
2015122006,14,32,-18
2015122007,35,25,10
2015122008,30,13,17
2015122009,20,29,-9
2015122010,34,27,7
2015122011,30,14,16
2015122012,14,24,-10
2015122100,27,35,-8
2015122400,23,20,3
2015122600,24,37,-13
2015122700,38,27,11
2015122701,12,18,-6
2015122702,26,19,7
2015122703,6,33,-27
2015122704,17,13,4
2015122705,32,17,15
2015122706,49,17,32
2015122707,20,13,7
2015122708,21,26,-5
2015122709,16,6,10
2015122710,36,8,28
2015122711,17,22,-5
2015122712,20,17,3
2015122800,20,17,3
2016010300,22,17,5
2016010301,20,10,10
2016010302,24,16,8
2016010303,12,28,-16
2016010304,29,6,23
2016010305,29,24,5
2016010306,23,16,7
2016010307,23,34,-11
2016010308,30,34,-4
2016010309,20,24,-4
2016010310,13,19,-6
2016010311,17,20,-3
2016010312,38,10,28
2016010313,27,20,7
2016010314,6,36,-30
2016010315,19,16,3
2016090800,21,20,1
2016091100,24,31,-7
2016091101,13,7,6
2016091102,23,14,9
2016091103,23,27,-4
2016091104,33,27,6
2016091105,34,35,-1
2016091106,22,23,-1
2016091107,29,10,19
2016091108,16,24,-8
2016091109,12,10,2
2016091110,19,20,-1
2016091111,35,39,-4
2016091112,21,23,-2
2016091200,16,38,-22
2016091201,28,0,28
2016091500,30,37,-7
2016091800,45,27,18
2016091801,20,23,-3
2016091802,15,16,-1
2016091803,19,12,7
2016091804,31,24,7
2016091805,15,13,2
2016091806,24,16,8
2016091807,23,27,-4
2016091808,40,7,33
2016091809,9,3,6
2016091810,31,20,11
2016091811,28,35,-7
2016091812,38,14,24
2016091813,17,14,3
2016091900,13,29,-16
2016092200,27,0,27
2016092500,32,18,14
2016092501,10,22,-12
2016092502,17,29,-12
2016092503,34,27,7
2016092504,17,19,-2
2016092505,30,23,7
2016092506,27,29,-2
2016092507,10,17,-7
2016092508,37,18,19
2016092509,32,36,-4
2016092510,34,3,31
2016092511,26,21,5
2016092512,22,3,19
2016092513,31,17,14
2016092600,32,44,-12
2016092900,22,7,15
2016100200,30,27,3
2016100201,47,32,15
2016100202,27,28,-1
2016100203,17,12,5
2016100204,26,20,6
2016100205,0,16,-16
2016100206,17,27,-10
2016100207,31,20,11
2016100208,7,27,-20
2016100209,13,17,-4
2016100210,34,35,-1
2016100211,17,24,-7
2016100212,43,14,29
2016100300,24,10,14
2016100600,21,33,-12
2016100900,10,16,-6
2016100901,13,33,-20
2016100902,24,23,1
2016100903,29,23,6
2016100904,16,30,-14
2016100905,30,13,17
2016100906,31,13,18
2016100907,16,23,-7
2016100908,28,14,14
2016100909,19,29,-10
2016100910,34,31,3
2016100911,23,16,7
2016101000,14,17,-3
2016101300,21,13,8
2016101600,45,16,29
2016101601,16,17,-1
2016101602,31,28,3
2016101603,30,15,15
2016101604,35,17,18
2016101605,41,38,3
2016101606,27,23,4
2016101607,28,26,2
2016101608,27,19,8
2016101609,10,26,-16
2016101610,16,30,-14
2016101611,26,24,2
2016101612,26,23,3
2016101700,28,3,25
2016102000,26,9,17
2016102300,10,16,-6
2016102301,31,17,14
2016102302,20,17,3
2016102303,16,33,-17
2016102304,26,21,5
2016102305,28,25,3
2016102306,24,15,9
2016102307,21,10,11
2016102308,26,33,-7
2016102309,29,33,-4
2016102310,17,34,-17
2016102311,16,27,-11
2016102312,6,6,0
2016102400,27,9,18
2016102700,36,22,14
2016103000,27,27,0
2016103001,33,32,1
2016103002,25,41,-16
2016103003,28,31,-3
2016103004,20,13,7
2016103005,14,30,-16
2016103006,25,19,6
2016103007,24,30,-6
2016103008,26,19,7
2016103009,29,20,9
2016103010,29,23,6
2016103100,20,10,10
2016110300,28,43,-15
2016110600,30,20,10
2016110601,19,14,5
2016110602,10,35,-25
2016110603,19,14,5
2016110604,27,23,4
2016110605,16,22,-6
2016110606,28,23,5
2016110607,10,13,-3
2016110608,23,41,-18
2016110609,26,31,-5
2016110610,41,35,6
2016110700,31,25,6
2016111000,28,7,21
2016111301,17,18,-1
2016111302,21,23,-2
2016111303,23,23,0
2016111304,6,9,-3
2016111305,24,15,9
2016111306,35,10,25
2016111307,47,25,22
2016111308,26,20,6
2016111309,24,30,-6
2016111310,23,20,3
2016111311,30,35,-5
2016111312,24,31,-7
2016111400,21,20,1
2016111700,23,20,3
2016112000,12,16,-4
2016112001,9,23,-14
2016112002,27,17,10
2016112003,25,19,6
2016112004,24,17,7
2016112005,17,19,-2
2016112006,29,24,5
2016112007,22,16,6
2016112008,10,14,-4
2016112009,17,30,-13
2016112010,26,15,11
2016112011,42,24,18
2016112100,27,20,7
2016112400,16,13,3
2016112401,31,26,5
2016112402,7,28,-21
2016112700,38,19,19
2016112701,19,14,5
2016112702,28,21,7
2016112703,21,27,-6
2016112705,13,21,-8
2016112706,31,24,7
2016112707,49,21,28
2016112708,14,5,9
2016112709,27,30,-3
2016112710,34,32,2
2016112711,17,22,-5
2016112800,13,27,-14
2016120100,15,17,-2
2016120400,28,26,2
2016120401,38,6,32
2016120402,26,6,20
2016120403,32,14,18
2016120404,21,13,8
2016120405,10,19,-9
2016120406,26,10,16
2016120407,13,28,-15
2016120408,38,24,14
2016120409,31,23,8
2016120410,24,14,10
2016120411,21,27,-6
2016120412,40,7,33
2016120500,10,41,-31
2016120800,20,13,7
2016121100,20,27,-7
2016121101,28,16,12
2016121102,10,23,-13
2016121103,20,16,4
2016121104,17,22,-5
2016121105,16,25,-9
2016121106,24,23,1
2016121107,22,27,-5
2016121108,16,11,5
2016121109,13,10,3
2016121110,17,23,-6
2016121111,38,10,28
2016121112,14,40,-26
2016121113,10,7,3
2016121200,30,23,7
2016121500,24,3,21
2016121700,13,33,-20
2016121800,27,26,1
2016121801,33,13,20
2016121802,27,30,-3
2016121803,26,20,6
2016121804,27,20,7
2016121805,17,19,-2
2016121806,6,34,-28
2016121807,17,6,11
2016121808,41,48,-7
2016121809,41,13,28
2016121810,3,16,-13
2016121811,16,19,-3
2016121812,20,24,-4
2016121900,15,26,-11
2016122200,23,19,4
2016122400,31,34,-3
2016122401,16,33,-17
2016122402,21,41,-20
2016122403,20,17,3
2016122404,38,25,13
2016122405,37,17,20
2016122406,41,3,38
2016122407,31,24,7
2016122408,33,25,8
2016122409,21,22,-1
2016122410,31,34,-3
2016122411,12,10,2
2016122500,31,27,4
2016122501,33,10,23
2016122600,42,21,21
2017010100,38,32,6
2017010101,27,10,17
2017010102,24,31,-7
2017010103,24,20,4
2017010104,14,35,-21
2017010105,37,10,27
2017010106,30,10,20
2017010107,27,13,14
2017010108,27,24,3
2017010109,16,16,0
2017010110,23,17,6
2017010111,10,19,-9
2017010112,24,6,18
2017010113,6,43,-37
2017010114,26,36,-10
2017010115,23,25,-2
2017090700,27,42,-15
2017091000,21,12,9
2017091001,17,23,-6
2017091002,0,20,-20
2017091003,18,20,-2
2017091004,34,22,12
2017091005,7,28,-21
2017091007,16,26,-10
2017091008,16,28,-12
2017091009,44,9,35
2017091010,17,9,8
2017091011,3,23,-20
2017091012,19,3,16
2017091100,29,19,10
2017091101,24,21,3
2017091400,9,13,-4
2017091700,24,10,14
2017091701,9,3,6
2017091702,13,16,-3
2017091703,16,37,-21
2017091704,27,20,7
2017091705,20,36,-16
2017091706,26,9,17
2017091707,29,7,22
2017091708,17,19,-2
2017091709,45,20,25
2017091710,41,17,24
2017091711,20,27,-7
2017091712,12,9,3
2017091713,33,23,10
2017091800,10,23,-13
2017092100,39,41,-2
2017092400,44,7,37
2017092401,26,16,10
2017092402,13,34,-21
2017092403,23,17,6
2017092404,25,30,-5
2017092405,31,28,3
2017092406,34,17,17
2017092407,36,32,4
2017092408,20,6,14
2017092409,27,24,3
2017092410,33,27,6
2017092411,27,23,4
2017092412,10,24,-14
2017092413,27,10,17
2017092500,17,28,-11
2017092800,35,14,21
2017100100,0,20,-20
2017100101,17,22,-5
2017100102,9,26,-17
2017100103,7,31,-24
2017100104,30,35,-5
2017100105,56,14,42
2017100106,7,14,-7
2017100107,30,33,-3
2017100108,23,19,4
2017100109,18,15,3
2017100110,24,26,-2
2017100111,25,23,2
2017100112,16,10,6
2017100113,44,18,26
2017100200,29,20,9
2017100500,14,19,-5
2017100800,20,16,4
2017100801,14,17,-3
2017100802,24,27,-3
2017100803,26,23,3
2017100804,15,10,5
2017100805,22,27,-5
2017100806,34,7,27
2017100807,9,29,-20
2017100808,10,16,-6
2017100809,17,29,-12
2017100810,31,35,-4
2017100811,34,41,-7
2017100900,17,20,-3
2017101200,23,28,-5
2017101500,17,20,-3
2017101501,22,26,-4
2017101502,33,16,17
2017101503,23,10,13
2017101504,49,36,13
2017101505,17,24,-7
2017101506,26,24,2
2017101507,38,31,7
2017101508,17,26,-9
2017101509,13,21,-8
2017101510,16,17,-1
2017101511,10,22,-12
2017101600,36,22,14
2017101900,31,30,1
2017102200,30,27,3
2017102201,15,3,12
2017102202,9,12,-3
2017102203,17,26,-9
2017102204,0,27,-27
2017102205,33,0,33
2017102206,31,28,3
2017102207,24,16,8
2017102208,29,14,15
2017102209,10,40,-30
2017102210,20,0,20
2017102211,7,24,-17
2017102212,23,7,16
2017102300,34,24,10
2017102600,39,0,39
2017102900,16,33,-17
2017102901,33,14,19
2017102902,23,23,0
2017102903,19,15,4
2017102904,20,12,8
2017102905,20,25,-5
2017102906,31,10,21
2017102907,3,17,-14
2017102908,40,38,2
2017102909,19,32,-13
2017102910,15,20,-5
2017103000,28,19,9
2017110200,34,21,13
2017110500,20,17,3
2017110501,13,20,-7
2017110502,22,7,15
2017110503,30,10,20
2017110504,17,51,-34
2017110505,51,22,29
2017110506,23,20,3
2017110507,10,20,-10
2017110508,14,17,-3
2017110509,28,17,11
2017110510,24,27,-3
2017110600,17,30,-13
2017110900,16,22,-6
2017111200,10,47,-37
2017111201,16,23,-7
2017111202,37,24,13
2017111203,17,20,-3
2017111204,20,17,3
2017111205,15,10,5
2017111206,24,20,4
2017111207,30,38,-8
2017111208,33,7,26
2017111209,27,7,20
2017111210,31,21,10
2017111211,16,41,-25
2017111300,45,21,24
2017111600,40,17,23
2017111900,24,26,-2
2017111901,7,19,-12
2017111902,0,23,-23
2017111903,31,21,10
2017111904,24,7,17
2017111905,34,31,3
2017111906,12,9,3
2017111907,52,24,28
2017111908,17,20,-3
2017111909,8,33,-25
2017111910,9,35,-26
2017111911,20,29,-9
2017112000,31,33,-2
2017112300,23,30,-7
2017112301,6,28,-22
2017112302,20,9,11
2017112600,34,20,14
2017112601,30,16,14
2017112602,16,20,-4
2017112603,10,16,-6
2017112604,35,16,19
2017112605,27,33,-6
2017112606,31,3,28
2017112607,26,20,6
2017112608,13,24,-11
2017112609,27,23,4
2017112610,21,14,7
2017112611,31,28,3
2017112700,23,16,7
2017113000,37,14,23
2017120300,9,14,-5
2017120301,43,20,23
2017120302,3,23,-20
2017120303,13,15,-2
2017120304,25,20,5
2017120305,30,10,20
2017120306,32,11,21
2017120307,31,21,10
2017120308,38,31,7
2017120309,24,13,11
2017120310,19,10,9
2017120311,16,31,-15
2017120312,24,17,7
2017120313,24,10,14
2017120400,20,23,-3
2017120700,20,17,3
2017121000,13,7,6
2017121001,31,24,7
2017121002,7,33,-26
2017121003,21,27,-6
2017121004,16,26,-10
2017121005,30,24,6
2017121006,26,15,11
2017121007,21,24,-3
2017121008,12,7,5
2017121009,23,0,23
2017121010,30,12,18
2017121011,34,43,-9
2017121012,10,30,-20
2017121013,39,38,1
2017121100,27,20,7
2017121400,13,25,-12
2017121600,20,10,10
2017121601,30,13,17
2017121700,24,16,8
2017121701,31,24,7
2017121702,10,26,-16
2017121703,45,7,38
2017121704,33,7,26
2017121705,31,19,12
2017121706,29,34,-5
2017121707,20,15,5
2017121708,7,42,-35
2017121709,24,27,-3
2017121710,25,23,2
2017121711,17,20,-3
2017121800,21,24,-3
2017122300,23,16,7
2017122301,0,16,-16
2017122400,22,19,3
2017122401,20,3,17
2017122402,26,17,9
2017122403,29,13,16
2017122404,37,15,22
2017122405,23,13,10
2017122406,7,14,-7
2017122407,22,27,-5
2017122408,27,11,16
2017122409,44,31,13
2017122410,22,0,22
2017122411,12,20,-8
2017122500,6,34,-28
2017122501,19,10,9
2017123100,22,10,12
2017123101,27,30,-3
2017123102,35,11,24
2017123103,22,13,9
2017123104,16,22,-6
2017123105,23,9,14
2017123106,26,6,20
2017123107,18,10,8
2017123108,0,6,-6
2017123109,28,24,4
2017123110,30,24,6
2017123111,15,9,6
2017123112,23,26,-3
2017123113,30,10,20
2017123114,13,34,-21
2017123115,24,26,-2
2018090600,18,12,6
2018090900,47,3,44
2018090901,21,21,0
2018090902,23,33,-10
2018090903,27,20,7
2018090904,23,16,7
2018090905,27,20,7
2018090906,40,47,-7
2018090907,15,19,-4
2018090908,28,37,-9
2018090909,6,24,-18
2018090910,16,8,8
2018090911,27,24,3
2018090912,24,22,2
2018091000,16,46,-30
2018091001,13,32,-19
2018091300,34,23,11
2018091600,31,24,7
2018091601,20,31,-11
2018091602,28,29,-1
2018091603,21,18,3
2018091604,12,20,-8
2018091605,37,42,-5
2018091606,27,21,6
2018091607,20,17,3
2018091608,9,21,-12
2018091609,34,0,34
2018091610,30,27,3
2018091611,20,19,1
2018091612,31,20,11
2018091613,20,13,7
2018091700,23,17,6
2018092000,21,17,4
2018092300,37,43,-6
2018092301,27,14,13
2018092302,31,21,10
2018092303,22,27,-5
2018092304,6,9,-3
2018092305,38,27,11
2018092306,28,20,8
2018092307,6,27,-21
2018092308,20,16,4
2018092309,31,17,14
2018092310,34,23,11
2018092311,14,16,-2
2018092312,24,13,11
2018092313,26,10,16
2018092400,27,29,-2
2018092700,38,31,7
2018093000,36,37,-1
2018093001,48,10,38
2018093002,26,24,2
2018093003,22,0,22
2018093004,34,36,-2
2018093005,31,12,19
2018093006,38,7,31
2018093007,26,23,3
2018093008,17,20,-3
2018093009,44,42,2
2018093010,29,26,3
2018093011,18,33,-15
2018093012,14,26,-12
2018100100,23,27,-4
2018100400,38,24,14
2018100700,13,12,1
2018100701,32,31,1
2018100702,25,16,9
2018100703,12,9,3
2018100704,31,23,8
2018100705,29,14,15
2018100706,34,16,18
2018100707,40,17,23
2018100708,26,10,16
2018100709,21,22,-1
2018100710,18,27,-9
2018100711,31,33,-2
2018100712,19,16,3
2018100800,43,19,24
2018101100,13,34,-21
2018101400,34,29,5
2018101401,21,28,-7
2018101402,14,38,-24
2018101403,19,13,6
2018101404,31,28,3
2018101405,27,16,11
2018101406,41,34,7
2018101407,3,27,-24
2018101408,23,17,6
2018101409,20,23,-3
2018101410,40,7,33
2018101411,0,21,-21
2018101412,43,40,3
2018101500,33,30,3
2018101800,10,43,-33
2018102100,20,19,1
2018102101,23,24,-1
2018102102,31,37,-6
2018102103,37,5,32
2018102104,7,20,-13
2018102105,44,10,34
2018102106,21,32,-11
2018102107,17,37,-20
2018102108,17,21,-4
2018102109,26,23,3
2018102110,19,17,2
2018102111,10,39,-29
2018102200,23,20,3
2018102500,42,23,19
2018102800,18,24,-6
2018102801,36,21,15
2018102802,24,10,14
2018102803,36,34,2
2018102804,14,28,-14
2018102805,30,23,7
2018102806,13,20,-7
2018102807,33,18,15
2018102808,28,42,-14
2018102809,18,15,3
2018102810,29,27,2
2018102811,20,29,-9
2018102900,6,24,-18
2018110100,34,3,31
2018110400,16,23,-7
2018110401,9,39,-30
2018110402,42,28,14
2018110403,21,37,-16
2018110404,12,6,6
2018110405,23,9,14
2018110406,14,38,-24
2018110407,17,19,-2
2018110408,17,25,-8
2018110409,45,35,10
2018110410,31,17,14
2018110500,14,28,-14
2018110800,51,21,30
2018111100,34,22,12
2018111101,14,51,-37
2018111102,28,16,12
2018111103,31,12,19
2018111104,29,26,3
2018111105,26,14,12
2018111106,10,41,-31
2018111107,3,16,-13
2018111108,34,10,24
2018111109,6,20,-14
2018111110,36,31,5
2018111111,20,27,-7
2018111200,23,27,-4
2018111500,27,24,3
2018111800,19,22,-3
2018111801,24,21,3
2018111802,23,20,3
2018111803,20,19,1
2018111804,38,10,28
2018111805,37,35,2
2018111806,21,22,-1
2018111807,21,23,-2
2018111808,22,23,-1
2018111809,48,7,41
2018111810,16,20,-4
2018111900,52,50,2
2018112200,16,22,-6
2018112201,31,23,8
2018112202,31,17,14
2018112500,32,17,15
2018112501,24,21,3
2018112502,27,30,-3
2018112503,20,35,-15
2018112504,27,24,3
2018112505,13,27,-14
2018112506,25,22,3
2018112507,27,9,18
2018112508,45,10,35
2018112509,24,17,7
2018112510,24,17,7
2018112600,34,17,17
2018112900,13,10,3
2018120200,15,25,-10
2018120201,10,24,-14
2018120202,16,30,-14
2018120203,17,20,-3
2018120204,28,13,15
2018120205,6,0,6
2018120206,21,17,4
2018120207,29,27,2
2018120208,30,31,-1
2018120209,24,17,7
2018120210,33,40,-7
2018120211,26,21,5
2018120212,24,10,14
2018120213,43,16,27
2018120300,28,13,15
2018120600,32,7,25
2018120900,23,27,-4
2018120901,15,6,9
2018120902,26,20,6
2018120903,33,20,13
2018120904,21,24,-3
2018120905,27,24,3
2018120906,34,33,1
2018120907,14,28,-14
2018120908,16,39,-23
2018120909,26,21,5
2018120910,20,14,6
2018120911,3,16,-13
2018120912,29,23,6
2018120913,24,21,3
2018121000,20,7,13
2018121300,28,29,-1
2018121500,22,29,-7
2018121501,16,17,-1
2018121600,39,14,25
2018121601,20,12,8
2018121602,14,13,1
2018121603,24,17,7
2018121604,30,16,14
2018121605,23,0,23
2018121606,12,16,-4
2018121607,41,16,25
2018121608,0,17,-17
2018121609,26,23,3
2018121610,17,10,7
2018121611,23,30,-7
2018121700,7,12,-5
2019090500,3,10,-7
2019090800,27,30,-3
2019090801,13,43,-30
2019090802,26,40,-14
2019090803,10,59,-49
2019090804,28,12,16
2019090805,16,17,-1
2019090806,32,27,5
2019090807,30,24,6
2019090808,21,20,1
2019090809,27,27,0
2019090810,35,17,18
2019090811,17,31,-14
2019090812,33,3,30
2019090900,30,28,2
2019090901,24,16,8
2019091200,14,20,-6
2019091500,23,17,6
2019091501,17,41,-24
2019091502,13,10,3
2019091503,21,16,5
2019091504,13,12,1
2019091505,0,43,-43
2019091506,14,28,-14
2019091507,26,28,-2
2019091508,17,19,-2
2019091509,21,31,-10
2019091510,10,28,-18
2019091511,14,16,-2
2019091512,27,9,18
2019091513,24,20,4
2019091600,3,23,-20
2019091900,20,7,13
2019092200,21,17,4
2019092201,31,6,25
2019092202,27,16,11
2019092203,27,24,3
2019092204,33,28,5
2019092205,34,14,20
2019092206,30,14,16
2019092207,24,27,-3
2019092208,20,38,-18
2019092209,31,32,-1
2019092210,20,27,-7
2019092211,27,33,-6
2019092212,24,20,4
2019092213,13,20,-7
2019092300,15,31,-16
2019092600,27,34,-7
2019092900,10,24,-14
2019092901,25,40,-15
2019092902,10,16,-6
2019092903,30,34,-4
2019092904,10,16,-6
2019092905,24,31,-7
2019092906,10,30,-20
2019092907,24,3,21
2019092908,10,27,-17
2019092909,40,54,-14
2019092910,16,6,10
2019092911,24,26,-2
2019092912,12,10,2
2019093000,27,3,24
2019100300,30,29,1
2019100600,34,27,7
2019100601,23,26,-3
2019100602,53,32,21
2019100603,31,24,7
2019100604,10,28,-18
2019100605,24,21,3
2019100606,31,6,25
2019100607,23,26,-3
2019100608,7,14,-7
2019100609,7,33,-26
2019100610,13,20,-7
2019100611,24,34,-10
2019100612,13,19,-6
2019100700,31,3,28
2019101000,35,14,21
2019101300,26,37,-11
2019101301,23,17,6
2019101302,28,32,-4
2019101303,6,13,-7
2019101304,24,31,-7
2019101305,16,17,-1
2019101306,38,20,18
2019101307,34,33,1
2019101308,7,20,-13
2019101309,16,0,16
2019101310,24,22,2
2019101311,17,24,-7
2019101400,23,22,1
2019101700,6,30,-24
2019102000,10,37,-27
2019102001,31,21,10
2019102002,17,27,-10
2019102003,30,42,-12
2019102004,42,24,18
2019102005,30,23,7
2019102006,21,27,-6
2019102007,0,9,-9
2019102008,23,20,3
2019102009,25,36,-11
2019102010,16,30,-14
2019102011,37,10,27
2019102100,0,33,-33
2019102400,19,9,10
2019102700,20,27,-7
2019102701,13,31,-18
2019102702,16,17,-1
2019102703,31,26,5
2019102704,27,24,3
2019102705,29,15,14
2019102706,24,10,14
2019102707,31,9,22
2019102708,27,23,4
2019102709,51,13,38
2019102710,15,13,2
2019102711,27,13,14
2019102712,24,31,-7
2019102800,27,14,13
2019103100,25,28,-3
2019110300,3,26,-23
2019110301,24,9,15
2019110302,30,20,10
2019110303,26,23,3
2019110304,26,18,8
2019110305,22,14,8
2019110306,26,24,2
2019110307,31,24,7
2019110308,40,34,6
2019110309,24,19,5
2019110310,26,11,15
2019110311,37,20,17
2019110400,18,37,-19
2019110700,26,24,2
2019111000,20,13,7
2019111001,13,49,-36
2019111002,19,16,3
2019111003,24,16,8
2019111004,9,26,-17
2019111005,34,27,7
2019111006,30,27,3
2019111007,35,32,3
2019111008,12,16,-4
2019111009,17,12,5
2019111010,24,28,-4
2019111100,24,27,-3
2019111400,21,7,14
2019111700,41,7,34
2019111701,3,29,-26
2019111702,27,35,-8
2019111703,31,13,18
2019111704,20,37,-17
2019111705,27,23,4
2019111706,17,34,-17
2019111707,17,34,-17
2019111708,36,26,10
2019111709,17,10,7
2019111710,10,17,-7
2019111711,17,7,10
2019111800,17,24,-7
2019112100,20,17,3
2019112400,22,35,-13
2019112401,20,3,17
2019112402,19,14,5
2019112403,10,16,-6
2019112404,41,24,17
2019112405,34,31,3
2019112406,34,3,31
2019112407,19,16,3
2019112408,42,20,22
2019112409,13,9,4
2019112410,37,8,29
2019112411,9,17,-8
2019112500,6,45,-39
2019112800,20,24,-4
2019112801,15,26,-11
2019112802,18,26,-8
2019120100,20,17,3
2019120101,21,29,-8
2019120102,22,6,16
2019120103,17,31,-14
2019120104,11,26,-15
2019120105,38,9,29
2019120106,37,31,6
2019120107,13,31,-18
2019120108,7,34,-27
2019120109,23,20,3
2019120110,20,13,7
2019120111,28,22,6
2019120200,37,30,7
2019120500,31,24,7
2019120800,40,20,20
2019120801,17,24,-7
2019120802,27,19,8
2019120803,20,15,5
2019120804,24,38,-14
2019120805,20,7,13
2019120806,46,48,-2
2019120807,22,21,1
2019120808,38,35,3
2019120809,10,45,-35
2019120810,17,23,-6
2019120811,16,23,-7
2019120812,21,42,-21
2019120813,28,12,16
2019120900,23,17,6
2019121200,42,21,21
2019121500,24,30,-6
2019121501,13,34,-21
2019121502,17,38,-21
2019121503,21,13,8
2019121504,23,3,20
2019121505,36,20,16
2019121506,10,17,-7
2019121507,21,24,-3
2019121508,27,37,-10
2019121509,38,24,14
2019121510,16,20,-4
2019121511,44,21,23
2019121512,22,29,-7
2019121513,10,39,-29
2019121600,34,7,27
2019122100,20,23,-3
2019122101,24,17,7
2019122102,34,31,3
2019122200,27,17,10
2019122201,17,24,-7
2019122205,24,12,12
2019122206,15,31,-16
2019122207,38,6,32
2019122208,38,35,3
2019122209,16,10,6
2019122210,28,38,-10
2019122211,35,41,-6
2019122212,17,9,8
2019122213,13,27,-14
2019122214,3,26,-23
2019122300,10,23,-13
2019122900,28,10,18
2019122901,6,13,-7
2019122902,10,42,-32
2019122903,33,23,10
2019122904,47,16,31
2019122905,20,23,-3
2019122906,14,35,-21
2019122907,38,20,18
2019122908,31,21,10
2019122909,19,21,-2
2019122910,24,27,-3
2019122911,17,34,-17
2019122912,21,28,-7
2019122913,16,15,1
2019122914,31,24,7
2019122915,21,26,-5
